322

8 54 23 
17 42 194 
65 55 27 
69 14 73 
139 51 119 
36 3 122 
72 17 76 
77 65 55 
157 33 27 
20 18 170 
84 10 79 
46 50 83 
89 44 192 
97 39 94 
56 56 163 
60 48 98 
36 32 38 48 
136 135 5 45 
17 18 29 45 
74 75 61 1 
77 75 61 11 
20 144 60 2 
36 57 53 49 
112 114 41 13 
136 140 135 5 24 
77 42 37 27 23 
26 147 7 40 
84 85 16 49 
89 87 45 35 
89 150 11 15 8 
112 5 57 53 11 
112 5 126 24 7 
84 127 0 8 
93 128 22 31 
139 135 5 25 
20 9 66 70 23 
17 44 148 12 6 
35 50 13 39 
26 25 8 22 
69 66 70 50 
60 63 6 28 
77 71 142 43 4 
93 91 63 6 15 
20 18 29 11 
26 22 4 29 
26 2 100 99 25 4 
23 25 8 17 
17 44 114 41 20 
89 94 61 37 32 
35 63 6 27 
132 134 57 18 
93 134 57 21 
136 137 40 45 
8 9 66 70 21 
17 44 154 30 26 14 
72 73 75 61 21 
74 76 75 61 10 
89 42 37 27 21 
84 81 36 41 
84 83 58 49 
56 87 45 30 
23 28 24 22 4 38 
132 133 49 35 14 
93 133 49 35 30 
139 1 11 15 9 
56 54 11 6 
72 73 16 57 53 10 
74 73 16 57 53 17 
72 40 41 57 53 21 
35 33 120 31 7 
36 32 34 7 5 126 24 2 
74 73 7 5 126 24 7 
93 115 119 129 30 9 
139 1 128 22 32 
139 137 40 29 
77 3 100 99 25 1 
35 105 106 64 10 
112 95 81 36 15 
157 154 30 26 6 
56 53 54 11 15 
56 55 54 11 25 
77 71 21 155 63 11 
77 71 76 75 61 1 
20 79 68 42 
26 2 142 43 20 
77 71 148 12 8 
26 24 22 4 10 
17 12 14 11 15 1 
17 25 8 43 
110 108 67 2 
93 104 107 20 8 
8 57 53 5 
35 33 58 52 18 
97 126 24 28 
93 0 5 126 24 33 
60 61 37 25 
93 68 66 106 64 3 
139 140 135 5 7 
8 57 48 21 33 
72 76 75 61 5 
23 2 142 43 4 
82 83 58 38 
20 90 87 45 3 
23 22 4 35 
17 12 11 15 22 
93 0 49 35 5 
46 40 0 49 35 10 
56 55 158 19 14 
20 79 61 37 3 
157 80 79 61 37 2 
46 40 44 154 30 26 3 
97 129 30 36 
20 90 98 23 16 
157 155 63 8 
26 68 66 106 64 2 
36 104 107 20 24 
17 91 125 126 24 10 
77 3 91 125 126 24 1 
23 2 148 12 34 
82 85 16 48 
93 92 127 0 11 
77 3 100 149 1 17 
46 45 66 35 
13 12 11 15 21 
26 27 25 8 1 
26 68 66 54 11 15 
26 28 25 8 28 
26 24 28 25 8 10 
77 62 22 4 3 
112 111 114 41 38 
139 1 30 26 4 
20 1 30 26 16 
156 154 30 26 9 
72 128 22 2 
77 3 31 9 16 
139 140 144 60 12 
77 71 118 149 1 15 
89 42 25 8 20 
35 33 42 25 8 1 
93 92 155 63 1 
97 2 148 144 60 4 
97 2 128 22 36 
46 40 0 5 4 47 6 
56 55 49 35 3 
36 145 147 7 7 
139 140 135 49 35 6 
46 40 51 71 18 
8 57 59 59 10 
35 33 57 59 59 11 
46 41 150 31 9 20 
46 40 51 50 13 2 
97 2 30 26 2 
35 63 91 108 67 14 
60 123 32 14 
132 114 41 32 
157 80 78 62 10 
112 106 64 10 
26 68 66 92 105 106 64 3 
36 145 144 60 17 
20 90 94 92 105 106 64 7 
72 75 61 4 
20 90 94 92 105 103 46 14 
77 71 147 7 3 
82 81 36 23 
17 95 81 36 11 
77 62 22 126 24 16 
69 67 49 28 
136 25 8 36 
23 24 28 25 8 11 
156 155 63 31 
20 90 94 92 155 63 2 
20 90 94 92 121 2 4 
157 80 79 61 92 121 2 3 
132 1 30 26 12 
112 91 120 31 16 
46 41 66 92 121 2 3 
112 91 108 67 6 
77 62 48 21 21 
93 150 159 28 18 
157 80 79 61 94 92 121 2 1 
23 27 25 8 7 
93 115 119 118 149 1 14 
110 109 149 1 25 
60 64 16 73 7 5 4 47 30 
93 150 31 9 13 
74 71 147 7 35 
89 95 81 36 11 
35 33 57 5 4 47 6 
36 43 122 124 69 2 
46 41 57 5 4 47 4 
139 140 104 107 20 3 
112 91 126 24 22 
46 41 63 91 126 24 9 
56 52 54 11 3 
36 94 92 121 2 8 
46 41 63 91 120 121 2 9 
97 129 78 62 6 
139 138 135 49 35 5 
74 71 59 59 9 
26 68 67 49 14 
17 101 99 25 12 
46 41 63 22 126 24 2 
89 95 92 121 2 14 
23 24 28 22 126 24 3 
97 129 155 63 4 
93 134 38 128 22 6 
72 76 125 123 32 9 
93 130 131 34 31 
69 39 37 27 34 
56 3 100 155 63 4 
56 53 55 49 35 15 
84 42 25 8 4 
69 39 54 11 4 
69 68 67 49 5 
132 1 101 99 25 16 
93 150 104 107 20 5 
36 94 30 26 4 
46 33 58 59 59 2 
56 40 100 155 63 7 
13 12 14 47 48 21 4 
110 109 108 67 21 
36 0 63 22 126 24 8 
89 95 81 83 58 8 
132 1 101 105 103 46 3 
84 42 78 62 14 
156 154 155 63 24 
69 68 123 32 4 
93 115 91 125 123 32 1 
139 94 30 26 15 
56 40 43 122 123 32 4 
84 42 43 122 123 32 15 
89 44 42 43 122 123 32 8 
36 0 44 42 43 122 123 32 7 
17 21 109 108 67 23 
20 21 109 108 67 1 
20 21 71 59 59 23 
93 90 106 64 14 
89 95 90 106 64 11 
56 52 55 49 35 12 
26 34 7 4 47 1 
72 71 59 59 6 
36 0 44 24 28 22 126 24 2 
93 95 90 106 64 5 
139 94 123 32 1 
93 94 123 32 11 
77 62 61 94 123 32 5 
77 73 16 90 106 64 12 
93 115 91 3 105 103 46 4 
93 115 91 125 124 69 1 
56 53 150 155 63 3 
77 62 61 94 129 155 63 1 
77 62 61 94 131 34 2 
17 151 43 103 46 19 
77 73 7 4 47 2 
93 115 14 52 55 49 35 2 
13 115 14 52 55 49 35 14 
20 21 109 149 22 126 24 9 
89 9 109 149 22 126 24 1 
13 115 91 3 105 59 59 7 
35 32 34 7 4 47 4 
13 115 91 3 43 128 22 8 
56 40 100 3 43 128 22 5 
72 75 159 28 18 
17 152 94 131 34 14 
93 130 106 64 1 
77 76 125 124 69 1 
60 53 150 155 63 4 
139 138 140 148 106 64 2 
139 137 43 103 46 10 
156 137 43 103 46 14 
156 137 43 128 22 25 
13 115 6 4 47 12 
56 40 100 2 148 106 64 8 
132 96 90 54 11 5 
132 96 90 98 127 0 5 
93 95 92 94 107 20 3 
89 9 66 92 94 131 34 1 
89 9 109 92 94 107 20 3 
132 114 44 106 64 11 
35 32 34 7 5 6 4 47 3 
56 40 52 55 49 35 2 
36 0 16 6 4 47 5 
36 145 148 106 64 4 
139 143 94 107 20 6 
139 138 140 104 158 19 1 
139 138 135 140 104 158 19 5 
56 40 51 49 35 1 
139 143 94 131 34 7 
60 53 150 92 122 126 24 8 
132 96 154 44 106 64 2 
139 138 135 140 104 106 64 10 
36 145 146 144 60 13 
89 145 146 144 60 1 
77 76 125 108 67 13 
93 40 51 49 35 3 
93 40 100 102 130 106 64 3 
36 0 2 30 49 35 5 
156 137 151 38 37 27 2 
72 71 75 159 28 4 
139 143 94 30 49 35 3 
60 53 150 104 103 46 11 
89 9 109 149 38 37 27 10 
13 11 150 104 103 46 16 
156 137 135 140 104 103 46 1 
77 76 125 122 37 27 3 
93 95 149 38 37 27 2 
36 0 63 151 43 85 16 5 
139 143 94 30 49 50 13 2 
72 71 75 159 158 19 7 
13 11 150 92 122 83 58 2 
13 11 150 92 122 126 103 46 3 
93 62 61 94 123 124 69 4 
77 76 71 75 159 158 19 2 
46 45 135 140 104 103 46 7 
93 95 91 120 126 103 46 10 
13 11 150 92 122 83 85 16 1 
13 11 150 92 122 37 103 46 2 
93 95 91 92 122 37 103 46 5 
93 118 71 75 159 158 19 2 
93 40 100 102 130 106 103 46 7 
93 40 153 44 106 103 46 5 
132 95 91 92 122 37 103 46 3 
